0 0 0 0 0 0 0 0 0 50 0 0 0 0 0 0 0 0 110 0 0 0 0 0 0 0 0 0 0 0
0 0 0 0 0 0 0 0 0 0 0 0 0 0 0 0 0 50 0 0 0 0 0 680 0 0 0 0 0 0
0 0 0 0 0 0 0 0 0 0 0 310 235 0 0 680 0 0 0 0 0 0 0 0 465 0 0 0 0 0
0 0 0 0 0 0 90 0 0 0 0 0 0 0 0 0 50 0 0 0 0 0 0 0 0 0 0 0 0 0
0 0 0 0 0 0 0 0 580 0 0 0 0 0 0 1115 0 650 300 0 0 870 0 0 0 0 0 0 0 0
0 0 0 0 0 0 0 0 0 0 195 0 0 0 0 0 0 0 0 0 0 0 0 0 0 0 0 0 0 50
0 0 0 90 0 0 0 0 0 0 0 0 0 0 0 0 0 0 0 0 0 0 0 0 0 0 0 0 0 80
0 0 0 0 0 0 0 0 0 0 0 0 0 0 0 0 0 0 0 0 90 0 210 0 0 0 0 240 0 0
0 0 0 0 580 0 0 0 0 0 0 0 560 0 0 0 0 0 830 0 0 650 0 0 0 0 0 0 0 0
50 0 0 0 0 0 0 0 0 0 0 0 0 0 0 0 0 340 0 0 0 0 0 0 1500 0 0 0 0 0
0 0 0 0 0 195 0 0 0 0 0 0 0 1255 0 0 0 0 0 0 0 0 430 0 0 0 0 0 0 0
0 0 310 0 0 0 0 0 0 0 0 0 0 0 0 0 0 0 0 260 225 0 0 0 0 790 375 250 0 0
0 0 235 0 0 0 0 0 560 0 0 0 0 0 0 0 0 0 0 0 0 460 0 0 0 0 0 0 415 0
0 0 0 0 0 0 0 0 0 0 1255 0 0 0 0 965 930 0 0 0 0 0 0 0 0 210 600 0 0 0
0 0 0 0 0 0 0 0 0 0 0 0 0 0 0 0 0 0 0 0 0 0 430 0 300 0 0 0 80 0
0 0 680 0 1115 0 0 0 0 0 0 0 0 965 0 0 0 0 0 0 0 230 0 0 0 790 0 0 0 0
0 0 0 50 0 0 0 0 0 0 0 0 0 930 0 0 0 0 0 195 0 0 0 0 0 0 560 0 0 0
0 50 0 0 650 0 0 0 0 340 0 0 0 0 0 0 0 0 0 0 0 0 0 0 0 0 0 0 0 0
110 0 0 0 300 0 0 0 830 0 0 0 0 0 0 0 0 0 0 0 0 0 0 0 0 0 0 0 0 0
0 0 0 0 0 0 0 0 0 0 0 260 0 0 0 0 195 0 0 0 115 0 225 0 0 0 0 0 0 315
0 0 0 0 0 0 0 90 0 0 0 225 0 0 0 0 0 0 0 115 0 0 0 0 0 0 0 0 0 0
0 0 0 0 870 0 0 0 650 0 0 0 460 0 0 230 0 0 0 0 0 0 0 0 0 0 740 0 0 0
0 0 0 0 0 0 0 210 0 0 430 0 0 0 430 0 0 0 0 225 0 0 0 2070 0 0 0 0 0 0
0 680 0 0 0 0 0 0 0 0 0 0 0 0 0 0 0 0 0 0 0 0 2070 0 1390 0 0 0 0 0
0 0 465 0 0 0 0 0 0 1500 0 0 0 0 300 0 0 0 0 0 0 0 0 1390 0 0 0 0 0 0
0 0 0 0 0 0 0 0 0 0 0 790 0 210 0 790 0 0 0 0 0 0 0 0 0 0 0 0 0 0
0 0 0 0 0 0 0 0 0 0 0 375 0 600 0 0 560 0 0 0 0 740 0 0 0 0 0 0 0 0
0 0 0 0 0 0 0 240 0 0 0 250 0 0 0 0 0 0 0 0 0 0 0 0 0 0 0 0 50 0
0 0 0 0 0 0 0 0 0 0 0 0 415 0 80 0 0 0 0 0 0 0 0 0 0 0 0 50 0 0
0 0 0 0 0 50 80 0 0 0 0 0 0 0 0 0 0 0 0 315 0 0 0 0 0 0 0 0 0 0